0.5 0.0244777
1.5 0.0245583
2.5 0.0244777
3.5 0.0244777
4.5 0.0274407
5.5 0.0245603
6.5 0.0244772
7.5 0.00130957
8.5 0.00112917
9.5 1.38778e-17
10.5 0.000383543
11.5 0
12.5 1.38778e-17
13.5 1.38778e-17
14.5 0.00112917
15.5 1.34441e-17
16.5 0.00157166
17.5 1.38778e-17
18.5 0
19.5 0
20.5 0
21.5 -2.1684e-19
22.5 0.00871508
23.5 -1.38778e-17
24.5 0.00116933
25.5 -7.30634e-05
26.5 0.0164133
27.5 0
28.5 0
29.5 0.000564745
30.5 0.00112917
31.5 0.00833463
32.5 0.0229092
33.5 0.00112917
34.5 0.000564745
35.5 1.38778e-17
36.5 -1.38778e-17
37.5 0.0194432
38.5 2.77556e-17
39.5 0
40.5 -1.36609e-17
41.5 0
42.5 0.0113362
43.5 -1.36609e-17
44.5 0
45.5 2.1684e-19
46.5 0
47.5 0
48.5 0
49.5 0
50.5 0
51.5 0.0115645
52.5 0
53.5 8.0629e-05
54.5 0
55.5 0
56.5 1.38778e-17
57.5 -4.33681e-19
58.5 0.00112917
59.5 -1.43115e-17
60.5 0.000604933
61.5 0.016718
62.5 0.000564426
63.5 -4.33681e-19
64.5 0.00811345
65.5 0
66.5 -1.36609e-17
67.5 -0.00349335
68.5 4.33681e-19
69.5 0.000302906
70.5 2.81893e-17
71.5 0
72.5 4.33681e-19
73.5 0
74.5 0
75.5 0.000564745
76.5 0.000564745
77.5 0.000442657
78.5 -1.38778e-17
79.5 0.000604592
80.5 0.000747236
81.5 1.34441e-17
82.5 0
83.5 0.00112917
84.5 0.000564745
85.5 4.33681e-19
86.5 0.00116965
87.5 4.33681e-19
88.5 0
89.5 0
90.5 8.0629e-05
91.5 0.0170986
92.5 0.00112917
93.5 1.36609e-17
94.5 4.01989e-05
95.5 0
96.5 -4.33681e-19
97.5 -4.33681e-19
98.5 -0.000372484
99.5 0.023329
100.5 0.00112917
101.5 -1.07731e-06
102.5 4.04301e-05
103.5 -2.4567e-07
104.5 -3.59103e-07
105.5 0.0233485
106.5 0
107.5 0.00116965
108.5 0.000523274
109.5 0.000564745
110.5 0.00811345
111.5 0
112.5 4.01989e-05
113.5 0
114.5 4.01989e-05
115.5 1.38778e-17
116.5 4.33681e-19
117.5 0
118.5 -1.38778e-17
119.5 0.000604592
120.5 1.38778e-17
121.5 0.000564554
122.5 1.38778e-17
123.5 0.000564745
124.5 0
125.5 0
126.5 0
127.5 1.38778e-17
128.5 0.00112917
129.5 0
130.5 0
131.5 0.00116932
132.5 -0.000282333
133.5 -7.37011e-07
134.5 -2.00026e-05
135.5 0.0194432
136.5 0.0233485
137.5 0.000916207
138.5 0.00112917
139.5 0.000645033
140.5 0.00054418
141.5 -3.44048e-07
142.5 0.0040581
143.5 0.00268088
144.5 0.000564426
145.5 0
146.5 1.38778e-17
147.5 0
148.5 0.000442657
149.5 -4.33681e-19
150.5 0
151.5 0.00795062
152.5 0.0193543
153.5 0.0245169
154.5 0.00630636
155.5 0.0237162
156.5 0.00110893
157.5 0.00112917
158.5 8.0629e-05
159.5 4.01991e-05
160.5 -9.75782e-19
161.5 0
162.5 1.36609e-17
163.5 4.33681e-19
164.5 1.43115e-17
165.5 4.01989e-05
166.5 2.1684e-19
167.5 -2.93469e-07
168.5 0.00886118
169.5 0.00349335
170.5 1.38778e-17
171.5 1.38778e-17
172.5 8.0629e-05
173.5 0.000564745
174.5 0
175.5 0.000564427
176.5 4.33681e-19
177.5 0.000564426
178.5 -1.07731e-06
179.5 0
180.5 2.1684e-19
181.5 -1.34441e-17
182.5 0.0158454
183.5 0
184.5 8.0629e-05
185.5 -1.38778e-17
186.5 6.93889e-18
187.5 -1.38778e-17
188.5 0
189.5 0
190.5 2.1684e-19
191.5 0
192.5 -1.38778e-17
193.5 0.00270111
194.5 0
195.5 0.000948736
196.5 -4.33681e-19
197.5 -1.38778e-17
198.5 0
199.5 0
200.5 -6.93889e-18
