20.5 0.5 0.988667 1.00002
20.5 1.5 0.969986 1.00003
20.5 2.5 0.948163 1.00004
20.5 3.5 0.895153 1.00008
20.5 4.5 0.871024 1.0001
20.5 5.5 0.846131 1.00012
20.5 6.5 0.821054 1.00013
20.5 7.5 0.79693 1.00014
20.5 8.5 0.772824 1.00016
20.5 9.5 0.722388 1.00018
20.5 10.5 0.697419 1.00019
20.5 11.5 0.672938 1.0002
20.5 12.5 0.64858 1.0002
20.5 13.5 0.62405 1.00021
20.5 14.5 0.599221 1.00022
20.5 15.5 0.549165 1.00022
20.5 16.5 0.524449 1.00022
20.5 17.5 0.499999 1.00022
20.5 18.5 0.475551 1.00022
20.5 19.5 0.450836 1.00022
20.5 20.5 0.400779 1.00022
20.5 21.5 0.375948 1.00021
20.5 22.5 0.351419 1.00021
20.5 23.5 0.327062 1.0002
20.5 24.5 0.302583 1.00019
20.5 25.5 0.277613 1.00018
20.5 26.5 0.227174 1.00016
20.5 27.5 0.203068 1.00015
20.5 28.5 0.178946 1.00014
20.5 29.5 0.153872 1.00012
20.5 30.5 0.128976 1.00011
20.5 31.5 0.104843 1.00009
20.5 32.5 0.051839 1.00005
20.5 33.5 0.0300097 1.00004
20.5 34.5 0.0113252 1.00002
20.5 35.5 24.2536 0.0584048
20.5 36.5 48.5071 0.0573012
20.5 37.5 97.0142 0.056012
20.5 38.5 0.0906156 0.0544095
20.5 39.5 98.8977 0.0514551
20.5 40.5 -48.0385 0.0499846
